4294967278,246
4294967278,245
4294967278,242
4294967278,241
4294967278,239
4294967279,319
4294967278,237
4294967278,322
4294967279,318
4294967278,234
4294967278,230
4294967278,227
4294967278,225
4294967278,222
4294967278,220
4294967294,428
4294967278,218
4294967278,219
4294967278,217
4294967278,214
4294967294,87
4294967294,971
4294967294,85
4294967294,84
4294967294,906
4294967278,321
4294967294,91
4294967294,88
4294967279,317
4294967278,320
4294967279,316
4294967278,319
4294967278,210
4294967279,315
4294967278,209
4294967278,318
4294967278,208
4294967278,317
4294967279,314
4294967278,206
13,6
13,5
4294967278,205
13,4
13,3
13,2
13,1
4294967279,313
4294967278,204
4294967279,312
4294967294,5
4294967278,316
4294967279,311
4294967278,315
4294967279,310
4294967278,200
4294967294,469
4294967278,199
4294967278,314
4294967279,309
4294967278,198
4294967278,196
4294967278,193
4294967278,195
4294967278,194
4294967278,313
4294967278,192
4294967278,191
4294967278,190
4294967279,308
4294967278,189
4294967278,312
4294967278,0
4294967279,307
4294967278,187
4294967278,186
10,4
4294967278,185
10,3
10,2
10,1
4294967278,311
4294967294,954
4294967278,184
4294967278,183
4294967294,89
4294967278,182
9,4
9,3
9,2
9,1
4294967279,306
4294967278,181
4294967278,179
8,4
4294967278,178
8,3
8,2
8,1
4294967278,310
0,7
4294967278,177
4294967279,305
4294967278,309
4294967278,175
4294967278,308
4294967279,304
4294967294,186
4294967294,904
4294967294,1
4294967279,303
4294967278,307
4294967278,172
4294967278,306
4294967279,302
4294967279,301
4294967278,305
4294967278,170
4294967278,304
4294967279,300
4294967279,0
4294967294,8
4294967279,299
4294967294,107
4294967294,418
4294967294,114
4294967294,96
4294967294,94
4294967278,303
4294967278,168
4294967278,302
4294967279,298
4294967294,470
4294967294,2
4294967294,0
4294967278,167
4294967294,46
4294967278,301
4294967294,7
4294967294,6
4294967294,9
4294967278,166
4294967294,90
4294967294,86
4294967294,923
4294967294,951
4294967294,28
4294967294,922
4294967294,27
4294967294,393
4294967278,300
4294967294,93
4294967294,95
4294967278,165
4294967278,164
4294967294,169
4294967294,50
4294967294,899
4294967294,421
4294967294,387
4294967294,384
4294967294,183
4294967294,182
4294967294,81
4294967294,68
4294967294,11
4294967294,92
4294967294,104
4294967294,166
4294967294,24
4294967278,132
4294967278,131
4294967278,130
4294967278,129
4294967278,128
4294967278,127
4294967278,126
4294967278,125
4294967278,124
4294967278,123
4294967278,122
4294967278,121
4294967278,120
4294967278,119
4294967278,118
4294967278,117
4294967278,116
4294967278,115
4294967278,114
4294967278,113
4294967278,112
4294967278,111
4294967278,110
4294967278,109
4294967278,108
4294967278,107
4294967278,106
4294967278,105
4294967278,104
4294967278,103
4294967278,102
4294967278,101
4294967278,100
4294967278,99
4294967278,98
4294967278,97
4294967278,96
4294967278,95
4294967278,94
4294967278,93
4294967278,92
4294967278,91
4294967278,90
4294967278,89
4294967278,87
4294967278,86
4294967278,85
4294967278,84
4294967278,83
4294967278,82
4294967278,81
4294967278,80
4294967278,79
4294967278,78
4294967278,77
4294967278,76
4294967278,75
4294967278,74
4294967278,73
4294967278,72
4294967278,71
4294967278,70
4294967278,69
4294967278,68
4294967278,67
4294967278,66
4294967278,65
4294967278,64
4294967278,63
4294967278,62
4294967278,61
4294967278,60
4294967278,59
4294967278,58
4294967278,57
4294967278,56
4294967278,55
4294967278,54
4294967278,53
4294967278,52
4294967278,51
4294967278,49
4294967278,48
4294967278,47
4294967278,46
4294967278,45
4294967278,44
4294967278,43
4294967278,42
4294967278,41
4294967278,40
4294967278,39
4294967278,38
4294967279,272
4294967279,23
4294967279,21
4294967279,20
4294967279,18
4294967279,17
4294967279,11
4294967279,10
4294967279,9
4294967279,278
4294967279,8
4294967279,7
4294967279,6
4294967279,5
4294967279,4
4294967294,36
4294967279,297
4294967279,260
4294967278,299
4294967278,260
4294967278,50
0,5
4294967294,22
4294967294,17
4294967294,39
4294967294,67
4294967294,99
4294967294,76
4294967294,41
4294967294,424
4294967294,416
4294967294,25
4294967294,26
4294967294,82
4294967279,296
4294967278,298
4294967279,295
4294967279,294
4294967278,297
4294967279,293
4294967278,296
4294967279,292
4294967278,295
4294967279,291
4294967279,290
4294967278,294
7,6
7,5
7,4
7,2
7,1
4294967278,293
4294967278,292
4294967279,289
4294967278,291
4294967279,288
